1 - 62
2 - 62
4 - 78
8 - 80
12 - 80

net size
2 2 2

0.1,1e-3,8,8,8 - 20
0.3,1e-3,8,8,8 - 20
1,1e-3,8,8,8 - 23
3,1e-3,8,8,8 - 31
10,1e-3,8,8,8 - 37
30,1e-3,8,8,8 - 37
100,1e-3,8,8,8 - 0
0.1,1e-3,6,6,6 - 20
0.3,1e-3,6,6,6 - 23
1,1e-3,6,6,6 - 24
3,1e-3,6,6,6 - 33
10,1e-3,6,6,6 - 37
30,1e-3,6,6,6 - 9
100,1e-3,6,6,6 - 0
0.1,1e-3,4,4,4 - 26
0.3,1e-3,4,4,4 - 25
1,1e-3,4,4,4 - 31
3,1e-3,4,4,4 - 27
10,1e-3,4,4,4 - 23
30,1e-3,4,4,4 - 0
100,1e-3,4,4,4 - 0
0.1,1e-3,2,2,2 - 18
0.3,1e-3,2,2,2 - 13
1,1e-3,2,2,2 - 13
3,1e-3,2,2,2 - 16
10,1e-3,2,2,2 - 0
30,1e-3,2,2,2 - 0
100,1e-3,2,2,2 - 0
0.1,1e-3,8,6,4 - 20
0.3,1e-3,8,6,4 - 21
1,1e-3,8,6,4 - 18
3,1e-3,8,6,4 - 29
10,1e-3,8,6,4 - 31
30,1e-3,8,6,4 - 0
100,1e-3,16,8,4 - 0
0.1,1e-3,16,8,4 - 17
0.3,1e-3,16,8,4 - 19
1,1e-3,16,8,4 - 23
3,1e-3,16,8,4 - 29
10,1e-3,16,8,4 - 38
30,1e-3,16,8,4 - 0
100,1e-3,16,8,4 - 0
0.1,1e-3,16,16,16 - 19
0.3,1e-3,16,16,16 - 20
1,1e-3,16,16,16 - 23
3,1e-3,16,16,16 - 27
10,1e-3,16,16,16 - 34
30,1e-3,16,16,16 - 40
100,1e-3,16,16,16 - 0
3,1e-3,32,32,32 - 31
10,1e-3,32,32,32 - 35
30,1e-3,32,32,32 - 40
100,1e-3,32,32,32 - 0
0.1,1e-3,4,8,16 - 26
0.3,1e-3,4,8,16 - 24
1,1e-3,4,8,16 - 26
3,1e-3,4,8,16 - 32
10,1e-3,4,8,16 - 33
30,1e-3,4,8,16 - 24
0.1,1e-3,12,8,4 - 19
0.3,1e-3,12,8,4 - 22
1,1e-3,12,8,4 - 22
3,1e-3,12,8,4 - 27
10,1e-3,12,8,4 - 35
30,1e-3,12,8,4 - 0
0.1,1e-3,8,4,8 - 20
0.3,1e-3,8,4,8 - 22
1,1e-3,8,4,8 - 26
3,1e-3,8,4,8 - 30
10,1e-3,8,4,8 - 32
30,1e-3,8,4,8 - 30
0.1,1e-3,6,4,2 - 19
0.3,1e-3,6,4,2 - 15
1,1e-3,6,4,2 - 19
3,1e-3,6,4,2 - 13
10,1e-3,6,4,2 - 0
30,1e-3,6,4,2 - 0
10,1e-3,16,8,4 - 35
10,2e-2,16,8,4 - 37
10,4e-2,16,8,4 - 38
10,8e-2,16,8,4 - 0
10,1e-1,16,8,4 - 0
10,2e-1,16,8,4 - 0
10,4e-1,16,8,4 - 0
10,8e-1,16,8,4 - 0
6,1e-3,16,8,4 - 33
8,1e-3,16,8,4 - 34
12,1e-3,16,8,4 - 36
14,1e-3,16,8,4 - 39
16,1e-3,16,8,4 - 36
18,1e-3,16,8,4 - 37

DBScan params depending on number of models used to predict events
1 model  - 1,7 | 0.36 0.47
2 models - 1,5 | 0.42 0.52
3 models - 2,6 | 0.42 0.55

19 april 2015

Random forest results (test set)

{"false-negative": {"sum": 96}, "correct": {"sum": 133}, "wrong": {"sum": 35}, "false-positive": {"sum": 37}, "correct-percent": 0.4418604651162791, "correct-percent-no-fn": 0.5037878787878788}